cam0:
  T_cam_imu:
  - [0.9999912669484203, 2.131428007984708e-05, -0.004179183244951116, -0.029504689211339002]
  - [-2.5634821163710037e-05, 0.9999994653275299, -0.0010337734328892318, -0.00414495467897484]
  - [0.0041791589763204, 0.0010338715375076152, 0.9999907328270071, -0.013787611579198717]
  - [0.0, 0.0, 0.0, 1.0]
  cam_overlaps: []
  camera_model: pinhole
  distortion_coeffs: [-0.034445465356090575, 0.02946186806108771, -0.0008552342530749755, 0.0009867916597786487]
  distortion_model: radtan
  intrinsics: [425.73734494056936, 425.2801775790684, 428.9823402761362, 240.88434258859087]
  resolution: [848, 480]
  rostopic: /camera/color/image_raw
  timeshift_cam_imu: 0.004303217132717011
